87 145
45 485
58 53
144 204
70 866
169 34
271 270
121 118
35 864
637 246
441 982
505 32
322 139
272 345
67 478
373 805
534 783
656 580
889 8
675 358
447 85
572 581
441 553
438 4
791 773
148 122
585 216
296 903
389 343
977 447
836 314
437 522
1 5
150 197
141 905
573 260
616 875
607 23
443 653
213 100
901 431
909 118
694 640
922 753
163 546
271 629
82 110
386 1
278 502
310 510
291 993
731 229
75 85
38 328
26 11
413 318
83 61
149 118
715 57
341 634
596 84
436 341
148 603
93 263
305 46
924 773
726 46
226 331
82 339
787 834
52 6
31 97
639 790
163 33
422 259
476 494
366 201
22 4
523 136
6 3
81 351
39 51
427 148
277 86
21 7
622 860
104 249
19 131
188 958
632 331
751 162
107 865
434 150
11 251
228 226
360 21
973 941
6 23
473 746
274 111
69 393
4 3
397 415
280 134
331 588
323 34
55 87
660 898
21 225
595 987
367 188
599 427
196 311
612 840
294 285
192 238
522 759
13 5
373 75
822 115
50 24
67 563
166 317
132 15
372 688
878 227
841 229
46 65
266 535
283 122
61 75
741 623
162 220
664 991
396 602
576 631
817 358
464 941
906 756
877 413
350 401
237 460
527 617
295 282
896 139
260 312
886 382
626 57
226 196
354 318
4 18
851 415
503 633
25 84
592 874
315 188
54 545
516 891
442 325
77 229
446 82
307 49
162 313
36 125
293 179
103 161
817 879
451 668
139 184
8 37
584 132
871 449
383 115
218 232
56 88
426 33
187 420
940 60
348 557
748 236
482 779
61 53
521 453
68 59
65 273
721 844
41 530
48 278
174 888
300 384
208 36
698 181
482 706
253 440
650 109
73 19
881 484
495 925
344 586
5 11
336 564
486 12
919 667
421 66
337 195
78 787
361 374
833 390
225 769
682 53
484 321
857 674
4 112
91 892
531 572
64 119
139 69
32 39
267 250
621 142
1 261
298 98
485 847
680 15
797 448
499 435
649 880
478 965
439 964
340 289
959 268
327 37
162 279
175 187
601 92
207 325
168 36
230 281
934 213
649 1
963 508
854 887
428 64
444 425
443 275
93 124
390 451
719 170
182 14
882 691
363 548
152 165
310 4
76 92
34 23
542 870
942 952
186 188
141 203
235 814
36 194
584 927
265 551
135 52
534 500
169 233
120 37
600 563
629 704
211 215
19 103
995 790
666 282
531 148
763 485
485 782
1 108
415 515
560 774
509 157
263 378
9 5
308 712
201 42
818 566
72 147
277 450
21 171
720 416
823 179
375 89
210 68
118 7
92 664
143 25
330 275
718 130
98 20
166 192
583 444
980 839
366 458
100 12
409 689
265 12
83 150
30 19
162 365
755 476
900 424
834 944
527 561
285 893
114 32
543 493
690 614
381 580
127 555
246 233
108 117
678 691
234 138
268 59
942 18
104 48
811 307
392 907
43 133
446 648
710 60
734 189
260 83
181 35
752 31
627 135
232 696
681 626
495 292
8 1
95 512
856 424
470 431
127 921
373 928
975 810
469 363
432 233
855 392
27 2
177 344
705 520
440 674
456 371
238 400
858 684
455 612
802 223
230 212
701 565
285 81
4 236
28 53
144 86
24 36
567 269
217 137
69 155
335 332
49 198
22 111
331 703
462 302
846 207
107 824
950 452
135 407
765 550
319 132
79 357
338 23
792 544
777 564
87 129
30 247
126 778
867 59
643 737
167 49
138 243
89 142
773 248
221 81
133 318
280 610
153 346
70 62
853 495
584 902
40 183
358 231
978 515
121 930
613 215
450 574
405 707
206 167
29 77
697 313
308 582
808 483
202 17
262 316
333 297
953 330
176 348
676 55
304 547
101 848
606 758
954 665
37 474
203 406
224 88
49 15
223 685
39 618
518 147
28 26
671 908
716 71
222 412
426 807
425 247
730 205
214 835
159 503
210 785
309 97
284 362
579 35
779 936
659 467
8 780
575 545
587 185
713 474
872 862
466 178
91 56
215 793
794 173
429 268
33 27
102 39
452 643
60 59
560 732
463 87
292 151
240 608
292 403
576 381
349 59
459 94
31 72
285 379
10 508
463 493
2 662
199 186
218 929
137 153
301 452
10 59
32 63
913 142
825 216
226 609
490 302
379 471
511 472
45 28
59 67
259 286
326 114
607 742
684 740
39 78
159 996
216 678
289 94
671 22
15 7
652 514
25 3
39 69
989 629
379 786
851 955
838 132
986 605
341 331
16 46
504 333
358 359
472 743
114 177
265 519
137 355
48 336
842 139
65 430
496 132
542 640
296 776
40 473
352 943
495 826
194 411
31 17
997 707
233 252
376 293
712 756
160 128
222 507
107 708
289 933
702 354
19 287
34 71
99 87
592 451
248 284
829 423
186 159
985 444
235 334
789 78
320 117
352 118
123 55
790 960
113 146
761 768
525 107
537 623
320 699
723 17
139 761
14 62
237 544
657 164
479 30
254 290
170 114
402 320
724 16
483 868
202 604
984 754
990 83
2 1
951 914
686 894
981 973
260 419
179 476
188 255
15 24
96 57
433 205
64 1
334 832
42 81
339 661
35 22
863 591
767 60
12 775
739 491
108 405
524 560
619 382
644 665
904 612
300 254
59 80
717 428
80 264
258 372
418 190
136 49
268 457
390 520
517 510
174 399
71 174
119 439
82 51
68 529
467 461
745 240
241 51
132 449
722 55
482 334
294 423
437 804
85 404
240 152
620 247
417 636
795 727
41 615
677 85
79 45
926 88
706 725
614 136
247 806
554 215
48 207
152 47
417 598
437 417
116 935
574 591
242 347
947 548
727 175
123 672
227 138
594 255
14 57
693 500
140 102
253 73
399 970
191 63
605 478
679 501
332 88
389 757
683 68
379 540
915 271
245 262
92 549
687 131
240 258
19 6
475 40
20 454
74 24
416 189
721 129
428 565
854 109
122 162
174 353
193 306
84 95
179 124
641 392
616 496
796 706
29 13
28 257
1 12
876 825
445 448
948 236
40 159
211 108
21 48
156 62
577 23
209 363
384 566
12 127
528 127
115 212
441 138
64 164
6 14
595 149
454 884
812 591
532 962
209 537
380 309
122 455
578 277
36 106
192 918
566 837
41 30
607 968
788 357
132 976
64 90
266 62
58 350
79 939
589 567
43 381
735 689
395 167
798 696
55 41
744 160
845 437
26 44
325 622
288 39
297 32
736 51
687 831
196 46
642 93
121 527
138 304
99 282
306 658
124 324
603 869
684 222
248 356
203 397
711 572
910 620
370 24
318 979
639 369
860 999
515 992
647 236
532 311
849 971
190 47
408 2
569 230
663 211
302 150
446 487
949 432
173 899
35 76
556 454
435 126
78 130
303 635
431 144
488 335
571 630
245 116
118 270
390 76
596 760
890 680
11 222
11 158
391 183
102 937
565 801
4 464
895 132
242 238
654 148
430 974
711 771
6 827
784 317
873 59
36 883
279 828
295 914
862 302
89 56
32 23
149 185
3 2
667 138
308 131
590 252
9 961
899 917
729 441
813 528
46 128
76 410
957 142
134 7
398 238
414 223
314 7
861 571
115 99
240 269
526 524
20 38
216 481
63 219
994 15
770 31
238 747
447 809
799 742
587 967
191 938
7 2
364 931
477 248
163 214
869 945
40 14
270 392
628 80
644 110
251 275
229 819
83 342
230 343
271 514
299 172
251 568
506 102
686 287
700 597
38 93
218 37
66 611
559 399
496 645
491 146
66 122
137 4
154 118
166 144
764 731
180 78
109 72
483 477
408 815
361 923
160 624
424 264
444 562
195 48
254 41
68 116
704 821
859 389
692 645
235 182
47 43
259 368
188 733
570 224
911 610
728 678
497 155
355 492
766 185
111 536
361 296
850 338
542 223
103 141
191 461
714 590
552 136
163 178
445 323
396 27
66 34
695 163
839 382
988 291
477 849
541 380
516 392
245 301
387 81
126 84
38 371
593 290
468 97
383 969
80 417
216 96
113 6
188 193
181 885
494 533
1 501
182 259
998 36
192 750
256 128
670 553
54 16
138 128
673 111
920 373
778 816
303 298
638 268
56 24
530 956
101 26
200 489
175 64
669 610
173 113
932 808
369 356
250 218
139 571
116 329
897 113
500 325
465 294
381 753
9 16
738 338
646 151
344 655
321 169
625 254
533 749
27 43
472 408
145 453
852 45
46 377
165 409
201 205
138 276
262 498
820 662
424 550
103 237
200 96
528 803
394 194
434 772
537 972
172 17
296 14
4 20
